B 41 40 1640
B 71 54 3834
B 1 4 4
B 131 84 11004
B 4 8 32
B 146 104 15184
B 1 4 4
B 1 4 4
B 10 16 160
B 120 74 8880
B 2 6 12
B 1 4 4
B 11 20 220
B 40 56 2240
B 1 4 4
B 20 26 520
B 1 4 4
B 1 4 4
B 3 8 24
B 2 6 12
B 1 4 4
G 104 64 6656
G 98 60 5880
G 32 36 1152
G 1 4 4
G 1 4 4
G 48 50 2400
G 9 16 144
G 4 8 32
G 67 58 3886
G 92 60 5520
G 7 12 84
G 152 126 19152
G 13 22 286
G 2 6 12
G 55 52 2860
G 107 60 6420
G 2 6 12
G 32 34 1088
G 53 58 3074
G 90 96 8640
G 56 66 3696
G 30 36 1080
G 1 4 4
G 3 8 24
G 1 4 4
G 1 4 4
G 6 12 72
G 16 26 416
G 106 70 7420
G 60 50 3000
D 128 86 11008
D 12 20 240
D 3 8 24
D 1 4 4
D 55 52 2860
D 73 44 3212
D 67 52 3484
D 1 4 4
D 101 64 6464
D 1 4 4
D 4 10 40
D 1 4 4
D 1 4 4
D 52 56 2912
D 48 64 3072
D 5 12 60
D 4 10 40
D 130 72 9360
D 1 4 4
D 93 68 6324
D 86 54 4644
D 1 4 4
X 95 64 6080
X 147 88 12936
X 30 42 1260
X 2 6 12
X 59 68 4012
X 89 88 7832
X 1 4 4
X 1 4 4
X 2 6 12
X 1 4 4
X 2 6 12
X 132 100 13200
X 7 14 98
X 115 74 8510
X 1 4 4
X 1 4 4
X 15 22 330
X 72 46 3312
X 1 4 4
X 340 138 46920
X 9 18 162
X 1 4 4
X 1 4 4
X 11 18 198
X 1 4 4
X 4 8 32
X 54 56 3024
P 29 36 1044
P 91 66 6006
P 3 8 24
P 12 18 216
P 2 6 12
P 286 94 26884
P 3 8 24
P 1 4 4
P 119 78 9282
P 1 4 4
P 1 4 4
P 1 4 4
P 1 4 4
P 206 154 31724
P 1 4 4
P 2 6 12
P 16 22 352
P 45 36 1620
P 2 6 12
P 5 10 50
P 1 4 4
P 34 36 1224
P 1 4 4
P 2 6 12
A 23 32 736
A 1 4 4
A 4 10 40
A 10 16 160
A 1 4 4
A 3 8 24
A 1 4 4
A 82 62 5084
A 2 6 12
A 2 6 12
A 2 6 12
A 4 10 40
A 1 4 4
A 48 28 1344
A 49 38 1862
A 60 70 4200
A 108 86 9288
A 1 4 4
A 96 66 6336
A 31 42 1302
A 1 4 4
A 139 78 10842
A 24 28 672
A 2 6 12
N 116 76 8816
N 1 4 4
N 5 12 60
N 54 52 2808
N 68 56 3808
N 6 12 72
N 2 6 12
N 53 56 2968
N 7 14 98
N 14 22 308
N 1 4 4
N 4 8 32
N 2 6 12
N 16 22 352
N 1 4 4
N 34 42 1428
N 2 6 12
N 1 4 4
N 1 4 4
N 167 62 10354
N 1 4 4
N 3 8 24
N 4 10 40
N 19 26 494
I 1 4 4
I 75 56 4200
I 1 4 4
I 91 62 5642
I 86 68 5848
I 24 30 720
I 197 124 24428
I 6 10 60
I 9 16 144
I 1 4 4
I 2 6 12
I 237 110 26070
I 1 4 4
I 2 6 12
I 2 6 12
I 75 72 5400
I 9 14 126
I 139 100 13900
I 2 6 12
I 190 132 25080
I 128 92 11776
I 2 6 12
L 14 20 280
L 1 4 4
L 23 28 644
L 10 18 180
L 6 12 72
L 1 4 4
L 81 72 5832
L 4 10 40
L 52 54 2808
L 34 40 1360
L 1 4 4
L 9 16 144
L 1 4 4
L 1 4 4
L 133 86 11438
L 102 74 7548
L 20 24 480
L 115 68 7820
L 2 6 12
L 1 4 4
U 5 12 60
U 1 4 4
U 1 4 4
U 1 4 4
U 108 70 7560
U 2 6 12
U 11 18 198
U 9 18 162
U 25 30 750
U 20 24 480
U 1 4 4
U 58 54 3132
U 2 6 12
U 104 88 9152
U 42 44 1848
U 1 4 4
U 47 48 2256
U 1 4 4
U 155 68 10540
U 5 10 50
U 1 4 4
U 19 22 418
U 19 28 532
F 8 14 112
F 1 4 4
F 7 12 84
F 1 4 4
F 19 26 494
F 209 128 26752
F 1 4 4
F 1 4 4
F 1 4 4
F 25 32 800
F 1 4 4
F 20 28 560
F 34 34 1156
F 7 12 84
F 1 4 4
F 3 8 24
F 1 4 4
F 2 6 12
F 1 4 4
F 17 24 408
S 138 106 14628
S 48 44 2112
S 3 8 24
S 2 6 12
S 52 48 2496
S 6 14 84
S 323 182 58786
S 1 4 4
S 7 18 126
S 127 104 13208
S 2 6 12
S 2 6 12
S 40 46 1840
S 1 4 4
S 1 4 4
S 1 4 4
S 51 54 2754
S 17 22 374
S 3 8 24
S 1 4 4
S 1 4 4
S 1 4 4
M 1 4 4
M 10 18 180
M 1 4 4
M 1 4 4
M 1 4 4
M 1 4 4
M 39 40 1560
M 2 6 12
M 1 4 4
M 122 94 11468
M 1 4 4
M 10 16 160
M 6 12 72
M 1 4 4
M 1 4 4
M 2 6 12
M 4 10 40
M 10 16 160
M 2 6 12
M 1 4 4
M 1 4 4
M 138 56 7728
M 1 4 4
M 2 6 12
M 4 10 40
M 27 44 1188
M 2 6 12
M 27 28 756
M 6 14 84
Q 150 102 15300
Q 97 66 6402
Q 1 4 4
Q 144 108 15552
Q 1 4 4
Q 15 18 270
Q 161 84 13524
Q 76 52 3952
Q 81 64 5184
Q 1 4 4
Q 51 44 2244
Q 113 74 8362
Q 1 4 4
Q 1 4 4
Q 4 10 40
Q 23 30 690
Q 101 78 7878
Q 120 98 11760
Q 1 4 4
Q 104 66 6864
Q 4 10 40
Q 134 102 13668
Q 21 32 672
T 1 4 4
T 116 62 7192
T 139 84 11676
T 1 4 4
T 4 8 32
T 1 4 4
T 2 6 12
T 431 240 103440
T 3 8 24
T 10 20 200
T 14 26 364
T 3 8 24
T 1 4 4
T 1 4 4
T 37 34 1258
T 1 4 4
T 23 26 598
T 1 4 4
T 49 56 2744
T 3 8 24
E 6 14 84
E 73 56 4088
E 1 4 4
E 1 4 4
E 1 4 4
E 165 62 10230
E 17 28 476
E 1 4 4
E 110 68 7480
E 16 24 384
E 10 18 180
E 69 60 4140
E 5 12 60
E 1 4 4
E 17 32 544
E 2 6 12
E 2 6 12
E 1 4 4
E 1 4 4
E 3 8 24
E 43 50 2150
E 10 20 200
E 20 32 640
E 151 84 12684
E 1 4 4
E 1 4 4
E 26 26 676
J 2 6 12
J 1 4 4
J 1 4 4
J 75 64 4800
J 2 6 12
J 1 4 4
J 11 20 220
J 3 8 24
J 17 28 476
J 67 50 3350
J 80 64 5120
J 3 8 24
J 8 14 112
J 53 44 2332
J 2 6 12
J 1 4 4
J 14 22 308
J 48 48 2304
J 1 4 4
J 8 14 112
J 1 4 4
J 15 16 240
J 143 92 13156
J 1 4 4
J 2 6 12
J 23 22 506
J 5 12 60
J 103 74 7622
J 9 18 162
J 40 38 1520
J 1 4 4
J 3 8 24
W 1 4 4
W 2 6 12
W 3 10 30
W 1 4 4
W 75 52 3900
W 19 24 456
W 1 4 4
W 3 8 24
W 111 90 9990
W 1 4 4
W 2 6 12
W 76 66 5016
W 3 8 24
W 12 22 264
W 43 40 1720
W 11 20 220
W 1 4 4
W 51 46 2346
W 20 24 480
W 1 4 4
W 2 6 12
W 1 4 4
W 10 18 180
W 54 56 3024
W 1 4 4
W 15 18 270
W 1 4 4
W 28 36 1008
W 78 58 4524
K 2 6 12
K 1 4 4
K 1 4 4
K 12 22 264
K 22 36 792
K 1 4 4
K 1 4 4
K 1 4 4
K 48 44 2112
K 119 70 8330
K 67 58 3886
K 1 4 4
K 1 4 4
K 1 4 4
K 3 8 24
K 31 32 992
K 2 6 12
K 2 6 12
K 1 4 4
K 20 26 520
K 1 4 4
K 181 114 20634
K 10 14 140
K 3 8 24
K 70 52 3640
K 2 6 12
K 2 6 12
K 2 6 12
Y 1 4 4
Y 6 12 72
Y 4 10 40
Y 11 16 176
Y 124 72 8928
Y 118 86 10148
Y 6 12 72
Y 1 4 4
Y 1 4 4
Y 156 82 12792
Y 1 4 4
Y 42 48 2016
Y 2 6 12
Y 51 50 2550
Y 3 8 24
Y 132 86 11352
Y 112 66 7392
Y 5 12 60
Y 10 16 160
Y 1 4 4
Y 15 32 480
Y 82 70 5740
Y 19 28 532
Y 1 4 4
H 46 48 2208
H 55 46 2530
H 1 4 4
H 107 70 7490
H 2 6 12
H 1 4 4
H 30 28 840
H 35 32 1120
H 3 8 24
H 5 10 50
H 1 4 4
H 138 86 11868
H 20 26 520
H 1 4 4
H 1 4 4
H 46 54 2484
H 258 134 34572
H 6 12 72
H 12 20 240
H 34 34 1156
H 1 4 4
H 92 62 5704
H 1 4 4
H 8 14 112
H 38 44 1672
H 1 4 4
H 1 4 4
H 1 4 4
Z 148 76 11248
Z 1 4 4
Z 4 10 40
Z 49 38 1862
Z 19 28 532
Z 43 40 1720
Z 1 4 4
Z 6 14 84
Z 1 4 4
Z 6 14 84
Z 49 46 2254
Z 1 4 4
Z 49 54 2646
Z 1 4 4
Z 1 4 4
Z 34 42 1428
Z 41 46 1886
Z 42 42 1764
Z 1 4 4
Z 1 4 4
Z 19 34 646
Z 2 8 16
Z 115 100 11500
Z 1 4 4
Z 1 4 4
Z 4 8 32
Z 2 6 12
Z 5 12 60
C 9 16 144
C 1 4 4
C 1 4 4
C 64 48 3072
C 2 6 12
C 10 20 200
C 1 4 4
C 1 4 4
C 1 4 4
C 1 4 4
C 42 54 2268
C 1 4 4
C 5 12 60
C 1 4 4
R 1 4 4
R 1 4 4
R 1 4 4
R 1 4 4
R 25 42 1050
R 41 50 2050
R 17 24 408
R 84 54 4536
R 11 16 176
R 1 4 4
R 25 32 800
R 123 80 9840
R 89 56 4984
R 43 48 2064
R 129 80 10320
R 17 28 476
R 139 92 12788
V 60 50 3000
V 2 6 12
V 12 22 264
V 26 40 1040
V 3 8 24
V 1 4 4
V 1 4 4
V 27 36 972
V 126 86 10836
V 1 4 4
V 45 40 1800
V 2 6 12
V 187 78 14586
V 143 108 15444
V 29 36 1044
V 12 20 240
V 3 8 24
V 75 54 4050
V 19 34 646
V 2 6 12
O 1 4 4
O 21 20 420
O 9 18 162
O 1 4 4
O 1 4 4
O 14 20 280
O 76 66 5016
O 1 4 4
O 1 4 4
O 1 4 4
O 4 10 40
O 9 18 162
O 50 44 2200
O 65 48 3120
O 3 8 24